     e0e0 0e 0 0 e  0  e    0e  0 e0e 0e0 e0 0e     e  e     e e    0e 00 e 0e 000 e 00 e   00e
      0 0 0  0 0   0000 0  0   000 0 0   0  0    0                 0  0  0 00 0   0 0  0   0 0 
      0     00000 0 0      0  0 0    0   0 0 0   0                 0  0  0  0     0    0  0  0 
      0      0 0   000    0   0000   0   0     00000    00000     0   0  0  0    0   00  0   0 
      0     00000   0 0  0    0 0    0   0       0               0    0  0  0   0      0 000000
             0 0  0000   0  0  000   0   0       0               0    0  0  0  0    0  0     0 
      0      0 0    0   0       0     0 0             0       0 0      00   0 00000  00      0 
                                                     0                                         
                                                                                               
                                                                                               
                                                                                               
                                                                                               
                                                                                               
                                                                                               
                                                                                               
