00000e 000 e00000e 000 e 00 e e  e   e    e   e 000 e 0000000 e  0  e000 e 000 e000 e0000e0000e
0     0   0     0 0   0 0  0                   0   0 0       0  0 0  0  0 0   0 0  0 0    0    
0     0        0  0   0 0  0 0  0   0      0   0   0 0  000  0  0 0  0  0 0     0  0 0    0    
 000  0000    0    000   000       0  0000  0     0  0     0 0  000  000  0     0  0 000  000  
    0 0   0   0   0   0    0      0          0   0   0  0000 0 0   0 0  0 0     0  0 0    0    
0   0 0   0  0    0   0 0  0       0  0000  0        0 0   0 0 0   0 0  0 0   0 0  0 0    0    
 000   000   0     000   00  0  0   0      0     0   0  000 0  0   0 000   000  000  0000 0    
                               0                                                               
                                                                                               
                                                                                               
                                                                                               
                                                                                               
                                                                                               
                                                                                               
                                                                                               
                                                                                               